<map>
0000000000000000000000000000000000000000000000000000000000000000000000000000000000000000
0000000000000000000000000000000000000000000000000000000000000000000000000000000000000000
0000000000000000000000000000000000000000000000000000000000000000000000000000000000000000
0000000000000000000000000000000000000000000000000000000000000000000000000000000000000000
0000000000000000000000000000000000000000000000000000000000000000000000000000000000000000
0000000000000000000000000000000000000000000000000000000000000000000000000000000000000000
0000000000000000000000020000000000000000000000000000000000000000000000000000000000000000
0000000000000000000000000000000000000000000000000000000000000000000000000003000000000000
0000000000000000000000000000000000000000000000000000000000000000000000000000000000000000
0000000000000000000000000400030908000000000000000000000000000000000000000000000000000000
0000000101010101010101010101010101010100000001000000000001000000000001000100000000000000
0000000000000000000000000000000000000000000000000000000000000000000000000000110000000011
0000000000000000000000000000000000000000000000000000000000000000000000000000111111111111
0000000000000000000000000000000000000000000000000000000000000000000000000000000000000000
</map>
<tip>
Renuncio bludo
</tip>
