<map>
000000000000000000000000000000000000000000000000000000000000000000000000000000000000000000000000000000000000000000000000
000000000000000000000000000000000000000000000000000000000000000000000000000000000000000000000000000000000000000000000000
000000000000000000000000000000000000000000000000000000000000000000000000000000000000000000000000000000010001111111111101
000000000000000000000000000000000000000000000000000000000000000000000000000000000000000000000000000000000000000000000000
000000000000000000000000000000000000000000000000000000000000000000000000000000000000000000000000000110000000000000000000
000000000101010101010000000000000000000000000000000000000000000000000000000000000000000000000000000000000000000000000000
000606000000000000010404100404040101010101000000000000000000000000000000000000000000000000000000100100000000000000000000
000000000000000000010101010101010100000000000000010101010001010101010101010100010100010100000000000000000000000000000000
000000000000000000000000000000000000000000000000010101010001000000000000000000000000000000010110000000000000000000000000
000000000000000000000000000000000000000000000000010000000001000000000000000000000000000000000000000000000000000000000000
000000000000000000000000000000000000000000000000000001010101000000000000000000000000000000000000000000000000000000000000
000000000000000000000000000000000000000000010101010101000000000000000000000000000000000000000000000000000000000000000000
000000000000000000000000000000000000000000000000000000000000000000000000000000000000000000000000000000000000000000000000
000000000000000000000000000000000000000000000000000000000000000000000000000000000000000000000000000000000000000000000000
</map>
<tip>

</tip>