<map>
0000000000000000000000000000000000000000000000000000000000000000000000000000000000000000000000000000000000000000000000000000000000000000000000000000000000010000
0000000000000000000000000000000000000000000000000000000000000000000000000000000000000000000000000000000000000000000000000000000000000000000000000000000000010000
0000000000000000000000000000000000000000000000000000000000000000000000000000000000000000000000000000000000000000000000000000000000000000000000000000000000010000
0000000000000000000000000000000000000000000000000000000000000000000000000000000000000000000000000000000000000000000000000000000000000000000000000000000000010000
0000000000000000000000000000000000000000000000000000000000000000000000000100000000000000000000000000000000000000000000000000000000000000000000000000000000010000
0000000000000000000000000000000000000000000000000000000000000000000000010000010000000000000000000000000000000000000000000000000000000000000000000000000000010000
0000000000000000000000000000000000000000000000000000000000000000000001000000010000000000000000000000000000000000000000000000000000000000000000000000000000010000
0000000000000000000000000000000000000000000000000000000000000000000100000000010100000000000000000000000000000000000000000000000000000000000000000000000000010000
0000000000000000000000000000000000000000000000000000000000000000010000000000010000000000000000000000000000000000000000000000000000000000000000000000000000010000
0000000000000000000000000000000000000000000000000000000000000001000000000000010101000000000000000000000000000000000000000000000000000000000000000000000002010000
0001010101010101010101010101010101010101010101010101010101010100000000000000010000000000000000000000000000000000000000000000000000000000000000000000000000010101
0000000000000000000000000000000000000000000000000000000000000000000000000000010101010000000000000000000000000010000000000000000000000000000000000000000000111101
0000000000000000000000000000000000000000000000000000000000000000000000000000010000000000000000000100000404000001000000000000000000000000000000000000001111111101
0000000000000000000000000000000000000000000000000000000000000000000000000000010101010101000000010000000101010100000101010101000100010001000100010001010101010101
</map>
<tip>
Bruh
</tip>
