<map>
0000000000000000000000000000000000000000000000000000000000000000000000000000000000000000000000000000000000000000000000000000000000000000000000000000000000000000000000000000000000000000000000000000000000000000000000000000000000000000000000000000000000000000000000000000000000000000000000
0000000000000000000000000000000000000000000000000000000000000000000000000000000000000000000000000000000000000000000000000000000000000000000000000000000000000000000000000000000000000000000000000000000000000000000000000000000000000000000000000000000000000000000000000000000000000000000000
0000000000000000000000000000000000000000000000000000000000000000000000000000000000000000000000000000000000000000000000000101010100000000000000000000000000000000000000000000000000000000000000000000000000000000000000000000000000000000000000000000000000000000000000000000000000000000000000
0000000000000000000000000000000000000000000000000100000000000000000000000000000000000101010100000000000000000000000000010000000000010000000000000000000000000101000000000000000000000000000000000000000000000000000000000000000000000000000000000000000000000000000000000000000000000000000000
0000000000000000000000000000000000000000000000130001000000000000000000000000000000010000000000000000000000000000000101000701000000000100000000000000000000010100010000000000000000000000000000000000000004000000000400000000000000000000000000000000000000000000000000000000000000000101010101
0000000000000000000000000000000000000000000013000000000000000000000000000000000100000000000000010101010000000000000000000701000000000001000003000000000001010000000100000000000000000000000000010100010101010101010101010000000000000000000101010000000000000000000000000000000000000000000701
0001010101010100000000000000000000000000001300000000000100000000000000040000010101000000000000000000000001010001010000000701000000000000010101010100010100000000000001000000000000000000010100000000000000000000000000000000000000000000010000000100000000000000000000000000000000000000000701
0000000000000001000000000000000000000000130000000000000101000000000001010101000000000000000000000000000000000000000001010101000000000000000000000000000000000000000000010000000000000000000000000000000000000000000000000001010000010101000000000001000000000000000000000000000000000111111101
0000000000000000010000000000000000000013000000000000000101000101010000000000000000000000000000000000000000000000000000000000000000000000000000000000000000000000000000000100010100000101000000000000000000000000000000000000000000010000000000000001010100000000000000000000010101010101010101
0000000000000000000100000000000000001300000000000000000000000000000000000000000000000000000000000000000000000000000000000000000000000000000000000000000000000000000000000000000000000000000000000000000000000000000000000000000000011111111100000000000001000100010101010000010000000000000000
0000000000000000000000000000000000130000000000000000000000000000000000000000000000000000000000000000000000000000000000000000000000000000000000000000000000000000000000000000000000000000000000000000000000000000000000000000000000000000000000000000000000000000000000000000000000000000000000
0000000000000000000001010404010100000000000000000000000000000000000000000000000000000000000000000000000000000000000000000000000000000000000000000000000000000000000000000000000000000000000000000000000000000000000000000000000000000000000000000000000000000000000000000000000000000000000000
0000000000000000000000000000000000000000000000000000000000000000000000000000000000000000000000000000000000000000000000000000000000000000000000000000000000000000000000000000000000000000000000000000000000000000000000000000000000000000000000000000000000000000000000000000000000000000000000
0000000000000000000000000000000000000000000000000000000000000000000000000000000000000000000000000000000000000000000000000000000000000000000000000000000000000000000000000000000000000000000000000000000000000000000000000000000000000000000000000000000000000000000000000000000000000000000000
</map>
<tip>

</tip>